i1,i2,i3,j1,j2,j3,k1,ku,pack_c,X,time,peak,backend
100,10,1,5120,128,16,256,32,1,[100; 10; 1; 5120; 128; 16; 256; 32; 1],0.17557073780335486,0.10415012498378234,tvm
100,20,1,256,128,128,128,4,0,[100; 20; 1; 256; 128; 128; 128; 4; 0],0.07172013004310429,0.254959301868589,tvm
1500,375,1,5120,640,16,1280,2,0,[1500; 375; 1; 5120; 640; 16; 1280; 2; 0],2.407342722872272,0.007595808487084489,tvm
750,250,1,1280,256,16,20,20,1,[750; 250; 1; 1280; 256; 16; 20; 20; 1],0.07431286096107215,0.24606392553360348,tvm
4,1,1,32,16,16,160,2,0,[4; 1; 1; 32; 16; 16; 160; 2; 0],0.22414643806405365,0.08157932128499332,tvm
1500,2,1,2560,1280,128,160,5,0,[1500; 2; 1; 2560; 1280; 128; 160; 5; 0],0.740323482779786,0.024699627542617734,tvm
1500,125,1,2560,256,16,64,4,1,[1500; 125; 1; 2560; 256; 16; 64; 4; 1],0.5146850699093193,0.035527967207084496,tvm
60,20,1,2560,256,64,640,64,0,[60; 20; 1; 2560; 256; 64; 640; 64; 0],0.2292514678556472,0.07976269228177092,tvm
100,5,1,32,16,16,8,2,1,[100; 5; 1; 32; 16; 16; 8; 2; 1],0.07139451894909143,0.2561221022968597,tvm
20,10,1,1280,320,64,20,2,0,[20; 10; 1; 1280; 320; 64; 20; 2; 0],0.09164447605144233,0.19952882130560778,tvm
1500,3,1,2560,320,64,5,1,0,[1500; 3; 1; 2560; 320; 64; 5; 1; 0],0.5006336281076074,0.03652514185839692,tvm
100,50,1,2560,640,64,8,4,0,[100; 50; 1; 2560; 640; 64; 8; 4; 0],0.04505624948069453,0.40584190864686276,tvm
150,25,1,512,512,128,20,20,1,[150; 25; 1; 512; 512; 128; 20; 20; 1],0.07038142892997712,0.2598087956399244,tvm
10,1,1,1280,256,128,320,20,1,[10; 1; 1; 1280; 256; 128; 320; 20; 1],0.20596740511246026,0.08877965072060846,tvm
30,2,1,128,64,64,320,2,1,[30; 2; 1; 128; 64; 64; 320; 2; 1],0.19162336899898946,0.09542528336306788,tvm
150,2,1,5120,32,16,64,64,0,[150; 2; 1; 5120; 32; 16; 64; 64; 0],0.40187555900774896,0.045500936486067074,tvm
300,12,1,128,64,64,256,64,1,[300; 12; 1; 128; 64; 64; 256; 64; 1],0.08896556356921792,0.2055369915291712,tvm
300,50,1,512,256,128,64,16,0,[300; 50; 1; 512; 256; 128; 64; 16; 0],0.07217939349357039,0.25333704539015206,tvm
1500,150,1,5120,2560,64,160,4,0,[1500; 150; 1; 5120; 2560; 64; 160; 4; 0],1.5991905410774052,0.011434356204605145,tvm
30,2,1,512,128,64,64,1,1,[30; 2; 1; 512; 128; 64; 64; 1; 1],0.14209287497214973,0.12868846723875701,tvm
750,750,1,640,320,64,20,5,1,[750; 750; 1; 640; 320; 64; 20; 5; 1],0.07029680139385164,0.260121569163083,tvm
250,125,1,1280,64,16,160,2,0,[250; 125; 1; 1280; 64; 16; 160; 2; 0],0.14325786102563143,0.12764196083063561,tvm
150,75,1,1024,1024,128,1,1,1,[150; 75; 1; 1024; 1024; 128; 1; 1; 1],0.1444799480959773,0.1265622982752401,tvm
6,6,1,5120,640,64,32,8,0,[6; 6; 1; 5120; 640; 64; 32; 8; 0],0.09861841145902872,0.18541886869989926,tvm
1500,1,1,2560,160,16,40,20,1,[1500; 1; 1; 2560; 160; 16; 40; 20; 1],1.034393607173115,0.017677713936851514,tvm
750,250,1,80,80,16,4,2,0,[750; 250; 1; 80; 80; 16; 4; 2; 0],0.08203606598544866,0.22289847844431934,tvm
100,20,1,256,128,128,128,4,0,[100; 20; 1; 256; 128; 128; 128; 4; 0],0.07560902857221663,0.241845645037603,tvm
750,125,1,2560,2560,16,256,64,0,[750; 125; 1; 2560; 2560; 16; 256; 64; 0],0.4314871148671955,0.04237835535678122,tvm
5,5,1,256,256,16,40,20,1,[5; 5; 1; 256; 256; 16; 40; 20; 1],0.14121179515495896,0.12949140874279258,tvm
250,1,1,2560,640,16,256,32,0,[250; 1; 1; 2560; 640; 16; 256; 32; 0],0.293365788878873,0.06233076581831505,tvm
125,125,1,160,16,16,320,1,0,[125; 125; 1; 160; 16; 16; 320; 1; 0],0.2032682620920241,0.08995853114263325,tvm
375,3,1,1280,256,64,640,2,1,[375; 3; 1; 1280; 256; 64; 640; 2; 1],0.20199120207689703,0.09052728088005045,tvm
20,5,1,256,128,64,80,10,1,[20; 5; 1; 256; 128; 64; 80; 10; 1],0.09935442241840065,0.1840452980412851,tvm
50,50,1,32,16,16,1280,2,0,[50; 50; 1; 32; 16; 16; 1280; 2; 0],0.22953864210285246,0.07966290171534936,tvm
1500,50,1,1280,256,16,16,16,1,[1500; 50; 1; 1280; 256; 16; 16; 16; 1],0.13299218891188502,0.1374946486355648,tvm
125,1,1,1280,1280,64,80,8,1,[125; 1; 1; 1280; 1280; 64; 80; 8; 1],0.2038982769008726,0.08968057289961352,tvm
300,6,1,2560,128,16,320,4,1,[300; 6; 1; 2560; 128; 16; 320; 4; 1],0.32354341889731586,0.05651703362730951,tvm
1500,75,1,1280,320,16,160,4,1,[1500; 75; 1; 1280; 320; 16; 160; 4; 1],0.2774110429454595,0.06591559619098998,tvm
150,25,1,320,64,16,160,8,1,[150; 25; 1; 320; 64; 16; 160; 8; 1],0.1432979649398476,0.1276062384653551,tvm
3,1,1,2560,1280,16,80,40,0,[3; 1; 1; 2560; 1280; 16; 80; 40; 0],0.21980065596289933,0.08319226439797694,tvm
6,2,1,640,640,64,64,1,1,[6; 2; 1; 640; 640; 64; 64; 1; 1],0.1379682959523052,0.13253562464840146,tvm
150,25,1,512,512,128,20,20,1,[150; 25; 1; 512; 512; 128; 20; 20; 1],0.07297838409431279,0.2505634307013835,tvm
375,1,1,5120,1024,16,128,2,1,[375; 1; 1; 5120; 1024; 16; 128; 2; 1],0.5132770710624754,0.03562542594755528,tvm
500,1,1,160,16,16,5,5,1,[500; 1; 1; 160; 16; 16; 5; 5; 1],0.31723164091818035,0.057641520980659354,tvm
150,75,1,1024,1024,128,1,1,1,[150; 75; 1; 1024; 1024; 128; 1; 1; 1],0.14468941395170987,0.12637907491848124,tvm
30,3,1,512,64,64,1280,40,1,[30; 3; 1; 512; 64; 64; 1280; 40; 1],0.2178048980422318,0.08395455956260789,tvm
250,5,1,2560,640,16,160,4,0,[250; 5; 1; 2560; 640; 16; 160; 4; 0],0.2155579358804971,0.08482969653157044,tvm
1500,300,1,1280,1280,128,1280,5,1,[1500; 300; 1; 1280; 1280; 128; 1280; 5; 1],0.46535798581317067,0.039293865890711356,tvm
30,2,1,128,32,16,320,8,1,[30; 2; 1; 128; 32; 16; 320; 8; 1],0.21551360399462283,0.08484714629045192,tvm
125,1,1,640,16,16,40,2,0,[125; 1; 1; 640; 16; 16; 40; 2; 0],0.21902502421289682,0.08348687256822397,tvm
500,500,1,5120,256,64,256,32,1,[500; 500; 1; 5120; 256; 64; 256; 32; 1],0.17756624799221754,0.10297967374135045,tvm
300,50,1,640,640,128,20,2,0,[300; 50; 1; 640; 640; 128; 20; 2; 0],0.07430776907131076,0.24608078689815166,tvm
12,12,1,1024,32,16,64,1,0,[12; 12; 1; 1024; 32; 16; 64; 1; 0],0.15871659596450627,0.11520984415393784,tvm
300,5,1,128,64,16,320,5,1,[300; 5; 1; 128; 64; 16; 320; 5; 1],0.26089953002519906,0.07008718752367303,tvm
300,1,1,640,320,64,160,1,0,[300; 1; 1; 640; 320; 64; 160; 1; 0],0.2202346259728074,0.08302833491756216,tvm
60,3,1,32,16,16,5,1,1,[60; 3; 1; 32; 16; 16; 5; 1; 1],0.10458905110135674,0.17483392470970685,tvm
1500,60,1,1280,16,16,32,2,1,[1500; 60; 1; 1280; 16; 16; 32; 2; 1],0.13499874901026487,0.13545099061861604,tvm
300,300,1,1280,64,16,40,1,0,[300; 300; 1; 1280; 64; 16; 40; 1; 0],0.13474150700494647,0.13570958713592987,tvm
75,5,1,512,64,16,40,5,1,[75; 5; 1; 512; 64; 16; 40; 5; 1],0.15828160312958062,0.11552646627381134,tvm
250,1,1,1280,256,64,64,16,0,[250; 1; 1; 1280; 256; 64; 64; 16; 0],0.253871550783515,0.07202742579576057,tvm
30,3,1,1280,1280,16,1280,32,0,[30; 3; 1; 1280; 1280; 16; 1280; 32; 0],0.2384893479757011,0.07667308599282749,tvm
150,15,1,160,80,16,16,1,0,[150; 15; 1; 160; 80; 16; 16; 1; 0],0.06615999748464674,0.27638626029207025,tvm
750,2,1,5120,1024,128,256,16,1,[750; 2; 1; 5120; 1024; 128; 256; 16; 1],0.7035152190364897,0.02599192425539532,tvm
125,125,1,512,512,128,128,32,1,[125; 125; 1; 512; 512; 128; 128; 32; 1],0.05809422244783491,0.314759601131313,tvm
60,10,1,64,16,16,10,2,1,[60; 10; 1; 64; 16; 16; 10; 2; 1],0.07409975840710104,0.24677157765148602,tvm
250,25,1,64,64,16,32,16,0,[250; 25; 1; 64; 64; 16; 32; 16; 0],0.09062984806951135,0.20176260553465228,tvm
500,100,1,512,64,64,32,4,1,[500; 100; 1; 512; 64; 64; 32; 4; 1],0.07499551202636212,0.24382411415881214,tvm
125,5,1,512,256,64,8,1,1,[125; 5; 1; 512; 256; 64; 8; 1; 1],0.0797073325375095,0.22941069163378672,tvm
20,20,1,512,256,64,128,32,0,[20; 20; 1; 512; 256; 64; 128; 32; 0],0.07842441694810987,0.233163534997183,tvm
300,60,1,128,128,64,64,8,0,[300; 60; 1; 128; 128; 64; 64; 8; 0],0.06909291702322662,0.26465396271469144,tvm
60,30,1,80,16,16,4,1,1,[60; 30; 1; 80; 16; 16; 4; 1; 1],0.06984689203090966,0.2617971072731801,tvm
50,10,1,512,128,16,5,5,1,[50; 10; 1; 512; 128; 16; 5; 5; 1],0.04660002148011699,0.3923971213943822,tvm
750,750,1,128,64,64,32,32,0,[750; 750; 1; 128; 64; 64; 32; 32; 0],0.051468155754264444,0.3552820966233904,tvm
20,20,1,256,128,64,64,32,1,[20; 20; 1; 256; 128; 64; 64; 32; 1],0.07164610992185771,0.2552227093091024,tvm
1500,75,1,640,32,16,20,4,1,[1500; 75; 1; 640; 32; 16; 20; 4; 1],0.05773536639753729,0.31671599968393493,tvm
125,125,1,1024,128,64,20,1,1,[125; 125; 1; 1024; 128; 64; 20; 1; 1],0.03776176372775808,0.4842388829490172,tvm
150,15,1,256,256,64,64,8,0,[150; 15; 1; 256; 256; 64; 64; 8; 0],0.07462145504541695,0.2450463378740743,tvm
1500,15,1,160,32,16,10,2,0,[1500; 15; 1; 160; 32; 16; 10; 2; 0],0.05739612609613687,0.31858795234866966,tvm
100,50,1,2560,64,64,8,4,0,[100; 50; 1; 2560; 64; 64; 8; 4; 0],0.03983045247150585,0.45908879139135145,tvm
75,75,1,5120,2560,128,16,16,0,[75; 75; 1; 5120; 2560; 128; 16; 16; 0],0.08820868306793272,0.20730061542390096,tvm
750,375,1,512,256,64,32,2,1,[750; 375; 1; 512; 256; 64; 32; 2; 1],0.07812407601159066,0.23405991109579816,tvm
1500,125,1,256,256,64,5,1,1,[1500; 125; 1; 256; 256; 64; 5; 1; 1],0.04074575152480975,0.4487759729889942,tvm
25,25,1,2560,320,64,20,4,0,[25; 25; 1; 2560; 320; 64; 20; 4; 0],0.07855527708306909,0.23277512300514033,tvm
375,15,1,1024,512,64,10,5,0,[375; 15; 1; 1024; 512; 64; 10; 5; 0],0.06752446200698614,0.2708013324685568,tvm
1500,750,1,320,16,16,8,2,0,[1500; 750; 1; 320; 16; 16; 8; 2; 0],0.09045161248650402,0.20216018026701998,tvm
100,25,1,1024,1024,16,20,2,1,[100; 25; 1; 1024; 1024; 16; 20; 2; 1],0.0846437249565497,0.21603154037822558,tvm
1500,15,1,512,128,64,32,32,0,[1500; 15; 1; 512; 128; 64; 32; 32; 0],0.16096847504377365,0.11359810845410372,tvm
1500,30,1,256,64,16,8,1,0,[1500; 30; 1; 256; 64; 16; 8; 1; 0],0.05569410196039826,0.32832407098899796,tvm
60,12,1,640,640,64,2,2,1,[60; 12; 1; 640; 640; 64; 2; 2; 1],0.06743509753141552,0.27116019632351906,tvm
20,10,1,320,64,64,20,1,1,[20; 10; 1; 320; 64; 64; 20; 1; 1],0.07099890150129795,0.25754925638363574,tvm
150,30,1,128,64,64,32,1,0,[150; 30; 1; 128; 64; 64; 32; 1; 0],0.08710020256694406,0.20993882616587636,tvm
10,10,1,256,16,16,8,4,0,[10; 10; 1; 256; 16; 16; 8; 4; 0],0.08996988506987691,0.20324261025244528,tvm
100,20,1,2560,256,128,16,16,0,[100; 20; 1; 2560; 256; 128; 16; 16; 0],0.0818707449361682,0.22334857585540513,tvm
750,10,1,512,256,64,8,1,1,[750; 10; 1; 512; 256; 64; 8; 1; 1],0.06429899751674384,0.28438568238878964,tvm
250,50,1,1024,256,128,16,1,0,[250; 50; 1; 1024; 256; 128; 16; 1; 0],0.07395908189937472,0.2472409583260238,tvm
50,50,1,128,128,16,4,1,1,[50; 50; 1; 128; 128; 16; 4; 1; 1],0.03399114450439811,0.5379552395874255,tvm
75,25,1,512,512,16,32,8,0,[75; 25; 1; 512; 512; 16; 32; 8; 0],0.11321579804643989,0.1615120380833573,tvm
300,15,1,640,128,128,32,4,1,[300; 15; 1; 640; 128; 128; 32; 4; 1],0.08308367198333144,0.22008794085777572,tvm
750,30,1,320,320,16,4,1,0,[750; 30; 1; 320; 320; 16; 4; 1; 0],0.050519473501481116,0.3619537777878503,tvm
1500,60,1,320,320,16,16,1,1,[1500; 60; 1; 320; 320; 16; 16; 1; 1],0.07467284996528178,0.24487768036463056,tvm
150,75,1,128,128,128,80,2,0,[150; 75; 1; 128; 128; 128; 80; 2; 0],0.06199050694704056,0.29497604046593867,tvm
60,15,1,640,80,16,16,1,1,[60; 15; 1; 640; 80; 16; 16; 1; 1],0.06021200702525675,0.3036888353189106,tvm
150,75,1,1024,512,16,20,20,0,[150; 75; 1; 1024; 512; 16; 20; 20; 0],0.08680596959311515,0.2106504238294296,tvm
500,125,1,64,16,16,20,10,1,[500; 125; 1; 64; 16; 16; 20; 10; 1],0.05806999304331839,0.31489093294834253,tvm
100,10,1,512,32,16,16,8,0,[100; 10; 1; 512; 32; 16; 16; 8; 0],0.08336836856324226,0.21933635743205124,tvm
60,60,1,512,128,128,128,16,0,[60; 60; 1; 512; 128; 128; 128; 16; 0],0.06419776647817343,0.28483411945384796,tvm
500,20,1,128,16,16,16,16,1,[500; 20; 1; 128; 16; 16; 16; 16; 1],0.06455082993488759,0.2832762073571956,tvm
750,30,1,80,16,16,16,8,1,[750; 30; 1; 80; 16; 16; 16; 8; 1],0.06407008145470172,0.2854017642952818,tvm
125,125,1,512,64,64,4,2,1,[125; 125; 1; 512; 64; 64; 4; 2; 1],0.03576799528673291,0.5112311757795617,tvm
100,50,1,1024,64,64,20,4,1,[100; 50; 1; 1024; 64; 64; 20; 4; 1],0.039180357998702675,0.4667061563429246,tvm
75,75,1,160,80,16,16,1,1,[75; 75; 1; 160; 80; 16; 16; 1; 1],0.051909942529164255,0.3522584190001931,tvm
300,30,1,128,32,16,10,5,1,[300; 30; 1; 128; 32; 16; 10; 5; 1],0.045298768498469144,0.4036691259351178,tvm
50,25,1,512,64,16,10,10,1,[50; 25; 1; 512; 64; 16; 10; 10; 1],0.04167575901374221,0.43876139795521746,tvm
375,25,1,160,32,16,10,10,0,[375; 25; 1; 160; 32; 16; 10; 10; 0],0.048162843741010875,0.3796643400884554,tvm
1500,10,1,256,128,128,8,4,0,[1500; 10; 1; 256; 128; 128; 8; 4; 0],0.07237593608442694,0.25264908856424184,tvm
100,50,1,512,256,128,40,10,0,[100; 50; 1; 512; 256; 128; 40; 10; 0],0.0660524460254237,0.27683629276463256,tvm
750,750,1,512,128,128,32,4,0,[750; 750; 1; 512; 128; 128; 32; 4; 0],0.0823224555933848,0.22212304229641658,tvm
100,10,1,512,64,64,20,10,0,[100; 10; 1; 512; 64; 64; 20; 10; 0],0.06460298644378781,0.2830475074341185,tvm
100,20,1,256,128,16,16,1,1,[100; 20; 1; 256; 128; 16; 16; 1; 1],0.05651295208372176,0.3235667862231778,tvm
75,25,1,256,128,16,8,4,1,[75; 25; 1; 256; 128; 16; 8; 4; 1],0.04512821423122659,0.40519472346108115,tvm
60,15,1,640,640,64,10,10,1,[60; 15; 1; 640; 640; 64; 10; 10; 1],0.056024950463324785,0.3263851932842767,tvm
125,25,1,160,32,16,20,5,0,[125; 25; 1; 160; 32; 16; 20; 5; 0],0.06926526047755033,0.2639954597679005,tvm
500,50,1,512,512,128,2,2,0,[500; 50; 1; 512; 512; 128; 2; 2; 0],0.07344826904591173,0.24896045234618236,tvm
150,25,1,128,128,64,2,2,0,[150; 25; 1; 128; 128; 64; 2; 2; 0],0.12218090682290494,0.14966098027262564,tvm
100,100,1,256,256,128,32,32,1,[100; 100; 1; 256; 256; 128; 32; 32; 1],0.06422592943999916,0.28470922017247063,tvm
125,25,1,160,160,16,20,4,1,[125; 25; 1; 160; 160; 16; 20; 4; 1],0.07577531400602311,0.24131492591717693,tvm
750,25,1,256,128,64,16,4,0,[750; 25; 1; 256; 128; 64; 16; 4; 0],0.05514070298522711,0.3316191723310684,tvm
375,375,1,320,320,64,20,5,0,[375; 375; 1; 320; 320; 64; 20; 5; 0],0.07877337851095945,0.2321306338685253,tvm
150,25,1,1024,16,16,5,1,0,[150; 25; 1; 1024; 16; 16; 5; 1; 0],0.1351657088380307,0.13528367840415864,tvm
750,30,1,1024,16,16,16,2,1,[750; 30; 1; 1024; 16; 16; 16; 2; 1],0.08985390141606331,0.20350495635179314,tvm
100,20,1,128,16,16,20,10,0,[100; 20; 1; 128; 16; 16; 20; 10; 0],0.07004897249862552,0.2610418630490702,tvm
250,25,1,80,80,16,20,5,0,[250; 25; 1; 80; 80; 16; 20; 5; 0],0.06687399104703218,0.2734353670151678,tvm
1500,30,1,1280,64,16,4,4,1,[1500; 30; 1; 1280; 64; 16; 4; 4; 1],0.06948484049644321,0.26316120401327386,tvm
1500,1500,1,640,16,16,1,1,0,[1500; 1500; 1; 640; 16; 16; 1; 1; 0],0.7068037868011743,0.025870990828262365,tvm
750,750,1,2560,64,16,10,5,0,[750; 750; 1; 2560; 64; 16; 10; 5; 0],0.12587124505080283,0.1452731660700901,tvm
1500,25,1,1024,128,16,16,1,1,[1500; 25; 1; 1024; 128; 16; 16; 1; 1],0.1303846698720008,0.1402443577428654,tvm
60,20,1,80,80,16,20,2,0,[60; 20; 1; 80; 80; 16; 20; 2; 0],0.07059751451015472,0.2590135702735551,tvm
300,300,1,2560,128,128,5,5,1,[300; 300; 1; 2560; 128; 128; 5; 5; 1],0.050901613547466695,0.3592364369483596,tvm
150,75,1,640,320,16,2,1,1,[150; 75; 1; 640; 320; 16; 2; 1; 1],0.06750668806489557,0.27087263217736074,tvm
750,25,1,16,16,16,10,2,0,[750; 25; 1; 16; 16; 16; 10; 2; 0],0.07393059553578496,0.24733622329422966,tvm
50,10,1,320,16,16,1,1,1,[50; 10; 1; 320; 16; 16; 1; 1; 1],0.07108886609785259,0.2572233218707458,tvm
300,150,1,512,128,16,20,4,0,[300; 150; 1; 512; 128; 16; 20; 4; 0],0.09006688394583762,0.20302372508757532,tvm
150,30,1,640,64,64,20,4,0,[150; 30; 1; 640; 64; 64; 20; 4; 0],0.045882774982601404,0.39853113271043805,tvm
375,375,1,640,320,64,1,1,1,[375; 375; 1; 640; 320; 64; 1; 1; 1],0.1315882329363376,0.13896162200582873,tvm
75,15,1,1024,64,16,16,8,0,[75; 15; 1; 1024; 64; 16; 16; 8; 0],0.08263420453295112,0.22128505246786392,tvm
750,250,1,16,16,16,2,1,0,[750; 250; 1; 16; 16; 16; 2; 1; 0],0.2787709878757596,0.06559403625553645,tvm
1500,100,1,1024,64,16,4,4,0,[1500; 100; 1; 1024; 64; 16; 4; 4; 0],0.14042745297774673,0.13021466884122715,tvm
500,500,1,640,128,16,20,1,0,[500; 500; 1; 640; 128; 16; 20; 1; 0],0.08693766396027058,0.2103313276748571,tvm
15,15,1,640,16,16,20,4,1,[15; 15; 1; 640; 16; 16; 20; 4; 1],0.06301030353643,0.29020197109734963,tvm
500,20,1,256,128,16,20,20,1,[500; 20; 1; 256; 128; 16; 20; 20; 1],0.0836927070049569,0.21848635251613108,tvm
750,75,1,1024,64,64,4,2,0,[750; 75; 1; 1024; 64; 64; 4; 2; 0],0.13989783683791757,0.1307076270728882,tvm
375,25,1,5120,64,16,5,5,1,[375; 25; 1; 5120; 64; 16; 5; 5; 1],0.07181834802031517,0.2546106223515727,tvm
300,150,1,5120,128,64,5,5,1,[300; 150; 1; 5120; 128; 64; 5; 5; 1],0.05087457352783531,0.3594273724124589,tvm
500,50,1,512,32,16,2,2,0,[500; 50; 1; 512; 32; 16; 2; 2; 0],0.2256431879941374,0.0810381844374109,tvm
300,150,1,320,32,16,16,8,0,[300; 150; 1; 320; 32; 16; 16; 8; 0],0.05579474347177893,0.3277318461901923,tvm
100,50,1,320,32,16,32,32,1,[100; 50; 1; 320; 32; 16; 32; 32; 1],0.08623791846912354,0.21203798294669263,tvm
750,250,1,512,256,16,4,2,1,[750; 250; 1; 512; 256; 16; 4; 2; 1],0.042301654000766575,0.4322694872730726,tvm
60,15,1,256,128,64,20,2,1,[60; 15; 1; 256; 128; 64; 20; 2; 1],0.08606999507173896,0.21245167111341445,tvm
500,125,1,640,128,16,4,1,0,[500; 125; 1; 640; 128; 16; 4; 1; 0],0.04174003703519702,0.4380857225951902,tvm
1500,50,1,128,128,16,10,2,0,[1500; 50; 1; 128; 128; 16; 10; 2; 0],0.04757609002990648,0.3843467227807041,tvm
375,75,1,16,16,16,10,10,0,[375; 75; 1; 16; 16; 16; 10; 10; 0],0.0682317039463669,0.2679943959788496,tvm
750,150,1,128,64,16,16,2,0,[750; 150; 1; 128; 64; 16; 16; 2; 0],0.06517238006927073,0.2805745971879296,tvm
750,125,1,64,64,64,16,4,0,[750; 125; 1; 64; 64; 64; 16; 4; 0],0.04212756146444008,0.43405584491638044,tvm
300,150,1,512,128,64,10,1,0,[300; 150; 1; 512; 128; 64; 10; 1; 0],0.04918559273937717,0.3717697249803609,tvm
1500,1500,1,640,128,128,10,2,1,[1500; 1500; 1; 640; 128; 128; 10; 2; 1],0.05185662198346108,0.35262062175099357,tvm
750,75,1,320,64,64,20,20,1,[750; 75; 1; 320; 64; 64; 20; 20; 1],0.036164600984193385,0.5056246657803996,tvm
100,25,1,1024,32,16,20,2,1,[100; 25; 1; 1024; 32; 16; 20; 2; 1],0.07301880256272852,0.2504247350537625,tvm
1500,500,1,128,128,64,20,1,1,[1500; 500; 1; 128; 128; 64; 20; 1; 1],0.06711028097197413,0.2724726229853004,tvm
300,30,1,320,16,16,4,4,1,[300; 30; 1; 320; 16; 16; 4; 4; 1],0.05414789100177586,0.3376994735605599,tvm
75,75,1,256,128,128,32,32,1,[75; 75; 1; 256; 128; 128; 32; 32; 1],0.028374285495374352,0.6444466870785265,tvm
375,125,1,640,128,64,16,1,1,[375; 125; 1; 640; 128; 64; 16; 1; 1],0.04035367298638448,0.45313630538374966,tvm
500,500,1,512,16,16,5,5,1,[500; 500; 1; 512; 16; 16; 5; 5; 1],0.052807507454417646,0.3462711111956598,tvm
150,75,1,320,16,16,4,1,1,[150; 75; 1; 320; 16; 16; 4; 1; 1],0.05811614799313247,0.31464085141835435,tvm
100,50,1,1024,16,16,20,1,0,[100; 50; 1; 1024; 16; 16; 20; 1; 0],0.06803128600586206,0.26878389869241426,tvm
125,25,1,256,128,16,10,5,0,[125; 25; 1; 256; 128; 16; 10; 5; 0],0.051108686020597816,0.35778095093943096,tvm
500,25,1,80,80,16,10,1,1,[500; 25; 1; 80; 80; 16; 10; 1; 1],0.05080999352503568,0.35988420814705163,tvm
50,50,1,640,640,128,8,8,1,[50; 50; 1; 640; 640; 128; 8; 8; 1],0.0402212287299335,0.4546284353592029,tvm
750,25,1,64,64,64,10,10,1,[750; 25; 1; 64; 64; 64; 10; 10; 1],0.036007555783726275,0.5078299231290387,tvm
1500,125,1,512,32,16,10,10,1,[1500; 125; 1; 512; 32; 16; 10; 10; 1],0.056441464461386204,0.3239766093990041,tvm
50,50,1,5120,128,16,16,8,1,[50; 50; 1; 5120; 128; 16; 16; 8; 1],0.051064039464108646,0.3580937677005901,tvm
30,30,1,128,64,16,20,5,1,[30; 30; 1; 128; 64; 16; 20; 5; 1],0.05813669948838651,0.3145296249465808,tvm
60,60,1,2560,16,16,5,1,1,[60; 60; 1; 2560; 16; 16; 5; 1; 1],0.06239179149270058,0.29307884656355143,tvm
60,30,1,512,256,16,5,5,1,[60; 30; 1; 512; 256; 16; 5; 5; 1],0.03787654620828107,0.48277142760488606,tvm
125,125,1,512,128,64,20,5,0,[125; 125; 1; 512; 128; 64; 20; 5; 0],0.07336198957636952,0.24925324941847352,tvm
1500,75,1,64,64,16,10,5,1,[1500; 75; 1; 64; 64; 16; 10; 5; 1],0.040485169272869825,0.45166451355232506,tvm
750,150,1,80,80,16,8,4,1,[750; 150; 1; 80; 80; 16; 8; 4; 1],0.03527921694330871,0.5183140633506175,tvm
50,50,1,1280,16,16,8,4,1,[50; 50; 1; 1280; 16; 16; 8; 4; 1],0.051744824973866343,0.3533824743817273,tvm
60,30,1,1024,128,128,10,2,1,[60; 30; 1; 1024; 128; 128; 10; 2; 1],0.034772382758092135,0.5258688889089398,tvm
300,150,1,64,64,16,8,1,1,[300; 150; 1; 64; 64; 16; 8; 1; 1],0.03815663798013702,0.4792276063533998,tvm
100,50,1,5120,128,16,5,1,1,[100; 50; 1; 5120; 128; 16; 5; 1; 1],0.0337178252520971,0.5423159456162433,tvm
50,50,1,640,128,64,8,4,0,[50; 50; 1; 640; 128; 64; 8; 4; 0],0.04690059449058026,0.38988235616900074,tvm
125,125,1,128,128,16,2,2,1,[125; 125; 1; 128; 128; 16; 2; 2; 1],0.06756503041833639,0.2706387338612335,tvm
12,12,1,320,80,16,16,8,0,[12; 12; 1; 320; 80; 16; 16; 8; 0],0.06840125541202724,0.26733009760664483,tvm
250,25,1,2560,1280,16,8,4,0,[250; 25; 1; 2560; 1280; 16; 8; 4; 0],0.08773036452475935,0.20843084814213525,tvm
300,150,1,5120,2560,16,5,5,0,[300; 150; 1; 5120; 2560; 16; 5; 5; 0],0.1384928161278367,0.13203366641657094,tvm
125,125,1,1024,512,16,16,4,0,[125; 125; 1; 1024; 512; 16; 16; 4; 0],0.06691350357141346,0.2732739030201707,tvm
750,25,1,5120,1280,64,4,2,1,[750; 25; 1; 5120; 1280; 64; 4; 2; 1],0.19987833709456027,0.09148422261019469,tvm
1500,12,1,1280,64,16,10,10,1,[1500; 12; 1; 1280; 64; 16; 10; 10; 1],0.09626249503344297,0.1899567872135619,tvm
300,30,1,160,160,16,20,2,0,[300; 30; 1; 160; 160; 16; 20; 2; 0],0.08568952151108533,0.2133949864960879,tvm
500,100,1,512,32,16,32,4,1,[500; 100; 1; 512; 32; 16; 32; 4; 1],0.0891025165328756,0.20522107564680872,tvm
500,500,1,128,16,16,32,4,1,[500; 500; 1; 128; 16; 16; 32; 4; 1],0.07444406405556947,0.24563025296502813,tvm
125,125,1,1280,32,16,4,1,0,[125; 125; 1; 1280; 32; 16; 4; 1; 0],0.10571584897115827,0.17297041516171388,tvm
750,250,1,512,256,128,32,4,1,[750; 250; 1; 512; 256; 128; 32; 4; 1],0.07060791098047048,0.25897543252302074,tvm
250,125,1,5120,5120,64,16,4,1,[250; 125; 1; 5120; 5120; 64; 16; 4; 1],0.09749600850045681,0.1875534656952506,tvm
300,60,1,256,256,16,16,8,0,[300; 60; 1; 256; 256; 16; 16; 8; 0],0.06900619203224778,0.26498657217846566,tvm
50,50,1,512,64,64,32,32,0,[50; 50; 1; 512; 64; 64; 32; 32; 0],0.04522265220293775,0.4043485597363175,tvm
1500,10,1,640,128,16,8,4,1,[1500; 10; 1; 640; 128; 16; 8; 4; 1],0.057663188548758626,0.3171124376906823,tvm
1500,750,1,5120,320,16,8,2,1,[1500; 750; 1; 5120; 320; 16; 8; 2; 1],0.37631575809791684,0.04859141264277424,tvm
75,15,1,5120,256,16,4,2,1,[75; 15; 1; 5120; 256; 16; 4; 2; 1],0.053139230934903026,0.3441095018502389,tvm
10,10,1,160,80,16,10,10,0,[10; 10; 1; 160; 80; 16; 10; 10; 0],0.0627302915090695,0.2914973587054119,tvm
750,250,1,1280,128,128,20,2,1,[750; 250; 1; 1280; 128; 128; 20; 2; 1],0.061851744540035725,0.29563780976101994,tvm
75,75,1,640,640,64,20,4,0,[75; 75; 1; 640; 640; 64; 20; 4; 0],0.07259267196059227,0.25189476832649016,tvm
750,25,1,2560,128,128,8,1,1,[750; 25; 1; 2560; 128; 128; 8; 1; 1],0.07011447346303612,0.26079799765385664,tvm
500,100,1,512,512,64,4,4,0,[500; 100; 1; 512; 512; 64; 4; 4; 0],0.05393338098656386,0.3390426105544859,tvm
125,125,1,128,16,16,10,10,0,[125; 125; 1; 128; 16; 16; 10; 10; 0],0.07018318504560739,0.26054266807400683,tvm
300,25,1,5120,128,128,4,2,1,[300; 25; 1; 5120; 128; 128; 4; 2; 1],0.06098780001047999,0.29982577306563146,tvm
100,50,1,2560,2560,16,16,2,1,[100; 50; 1; 2560; 2560; 16; 16; 2; 1],0.09088114346377552,0.20120471187736347,tvm
750,375,1,16,16,16,20,5,1,[750; 375; 1; 16; 16; 16; 20; 5; 1],0.05990467150695622,0.30524688351877405,tvm
300,60,1,16,16,16,20,20,1,[300; 60; 1; 16; 16; 16; 20; 20; 1],0.06282500596717,0.2910578997042948,tvm
500,50,1,320,32,16,10,1,0,[500; 50; 1; 320; 32; 16; 10; 1; 0],0.04669520922470838,0.39159722355497134,tvm
300,100,1,2560,640,16,10,1,1,[300; 100; 1; 2560; 640; 16; 10; 1; 1],0.07840724650304765,0.23321459560505714,tvm
750,30,1,512,64,16,10,5,0,[750; 30; 1; 512; 64; 16; 10; 5; 0],0.06194674305152148,0.2951844339985066,tvm
150,50,1,640,80,16,5,5,0,[150; 50; 1; 640; 80; 16; 5; 5; 0],0.05720542394556105,0.31965000911654284,tvm
300,60,1,320,320,64,5,5,0,[300; 60; 1; 320; 320; 64; 5; 5; 0],0.049880723759997636,0.36658879236990355,tvm
500,50,1,1024,1024,64,8,1,1,[500; 50; 1; 1024; 1024; 64; 8; 1; 1],0.04870150546776131,0.37546507259039025,tvm
1500,375,1,1280,160,16,8,2,1,[1500; 375; 1; 1280; 160; 16; 8; 2; 1],0.07251570897642523,0.2521621114075979,tvm
250,125,1,5120,640,64,4,1,1,[250; 125; 1; 5120; 640; 64; 4; 1; 1],0.05444151151459664,0.3358781521121359,tvm
250,50,1,512,16,16,8,2,1,[250; 50; 1; 512; 16; 16; 8; 2; 1],0.05804569402243942,0.31502275222422804,tvm
150,150,1,5120,5120,16,4,4,1,[150; 150; 1; 5120; 5120; 16; 4; 4; 1],0.1597674258518964,0.11445208050522797,tvm
150,30,1,512,128,64,20,4,1,[150; 30; 1; 512; 128; 64; 20; 4; 1],0.07961504347622395,0.22967662249880064,tvm
1500,50,1,16,16,16,4,4,1,[1500; 50; 1; 16; 16; 16; 4; 4; 1],0.05513013550080359,0.3316827379364549,tvm
750,125,1,128,32,16,20,4,1,[750; 125; 1; 128; 32; 16; 20; 4; 1],0.06013300898484886,0.30408779794008917,tvm
1500,375,1,5120,128,128,10,1,1,[1500; 375; 1; 5120; 128; 128; 10; 1; 1],0.3241789990570396,0.05640622723527164,tvm
100,100,1,2560,2560,64,20,20,1,[100; 100; 1; 2560; 2560; 64; 20; 20; 1],0.07554074889048934,0.2420642441898862,tvm
250,50,1,1280,256,16,10,2,1,[250; 50; 1; 1280; 256; 16; 10; 2; 1],0.05049981200136244,0.3620947001787047,tvm
125,125,1,1024,32,16,20,5,1,[125; 125; 1; 1024; 32; 16; 20; 5; 1],0.06575460103340447,0.2780902628612229,tvm
500,100,1,5120,256,16,8,8,1,[500; 100; 1; 5120; 256; 16; 8; 8; 1],0.12155707995407283,0.150429035417954,tvm
50,50,1,1280,256,64,4,1,0,[50; 50; 1; 1280; 256; 64; 4; 1; 0],0.047322381753474474,0.3864073110473085,tvm
100,50,1,1280,64,16,8,8,0,[100; 50; 1; 1280; 64; 16; 8; 8; 0],0.044532211031764746,0.4106177048489939,tvm
100,100,1,2560,512,128,10,2,0,[100; 100; 1; 2560; 512; 128; 10; 2; 0],0.10065650986507535,0.18166449750965244,tvm
250,125,1,256,128,128,5,5,0,[250; 125; 1; 256; 128; 128; 5; 5; 0],0.043511298252269626,0.4202520958969656,tvm
60,60,1,2560,128,64,4,2,0,[60; 60; 1; 2560; 128; 64; 4; 2; 0],0.055630484595894814,0.32869953261316115,tvm
300,300,1,16,16,16,10,10,1,[300; 300; 1; 16; 16; 16; 10; 10; 1],0.05013270606286824,0.36474620505789845,tvm
750,150,1,128,16,16,10,5,1,[750; 150; 1; 128; 16; 16; 10; 5; 1],0.05144511139951646,0.3554412419036215,tvm
50,50,1,2560,320,16,8,4,0,[50; 50; 1; 2560; 320; 16; 8; 4; 0],0.04921531100990251,0.37154523481595103,tvm
500,125,1,2560,64,64,10,2,1,[500; 125; 1; 2560; 64; 64; 10; 2; 1],0.04168816452147439,0.43863083193060604,tvm
100,50,1,512,64,64,10,5,0,[100; 50; 1; 512; 64; 64; 10; 5; 0],0.041309837775770575,0.4426479325571061,tvm
1500,75,1,512,256,128,4,2,1,[1500; 75; 1; 512; 256; 128; 4; 2; 1],0.058921443414874375,0.31034056917041114,tvm
300,25,1,256,128,64,10,2,1,[300; 25; 1; 256; 128; 64; 10; 2; 1],0.04014508344698697,0.455490752930212,tvm
300,150,1,1024,128,128,10,5,1,[300; 150; 1; 1024; 128; 128; 10; 5; 1],0.03877679572906345,0.47156331362390086,tvm
150,150,1,1280,128,64,5,5,1,[150; 150; 1; 1280; 128; 64; 5; 5; 1],0.03073937096633017,0.594862995268941,tvm
75,25,1,160,160,16,10,1,1,[75; 25; 1; 160; 160; 16; 10; 1; 1],0.04210136376786977,0.4343259374336296,tvm
300,60,1,256,256,16,5,1,1,[300; 60; 1; 256; 256; 16; 5; 1; 1],0.03888489352539182,0.47025239438482,tvm
50,50,1,1280,320,16,8,4,1,[50; 50; 1; 1280; 320; 16; 8; 4; 1],0.04384427750483155,0.4170604540968713,tvm
500,50,1,64,64,16,10,10,1,[500; 50; 1; 64; 64; 16; 10; 10; 1],0.036721687705721706,0.49795408185624157,tvm
30,30,1,512,128,16,10,2,1,[30; 30; 1; 512; 128; 16; 10; 2; 1],0.042021350003778934,0.4351529468727176,tvm
500,250,1,1024,128,16,20,2,1,[500; 250; 1; 1024; 128; 16; 20; 2; 1],0.07855014351662248,0.2327903357916174,tvm
1500,500,1,160,32,16,20,20,0,[1500; 500; 1; 160; 32; 16; 20; 20; 0],0.0884936359943822,0.20663309943412325,tvm
1500,20,1,640,160,16,5,5,0,[1500; 20; 1; 640; 160; 16; 5; 5; 0],0.048828342522028834,0.3744897602752892,tvm
750,75,1,2560,128,64,16,2,0,[750; 75; 1; 2560; 128; 64; 16; 2; 0],0.09746743296273053,0.18760845268907775,tvm
1500,20,1,320,16,16,10,10,0,[1500; 20; 1; 320; 16; 16; 10; 10; 0],0.06927844206802547,0.2639452294230186,tvm
100,100,1,1280,32,16,20,4,0,[100; 100; 1; 1280; 32; 16; 20; 4; 0],0.06887109251692891,0.26550637745756034,tvm
30,30,1,5120,160,16,1,1,0,[30; 30; 1; 5120; 160; 16; 1; 1; 0],0.2409925649408251,0.07587667399699356,tvm
1500,30,1,160,32,16,16,2,0,[1500; 30; 1; 160; 32; 16; 16; 2; 0],0.061366898589767516,0.2979735770574415,tvm
300,15,1,5120,128,64,4,4,0,[300; 15; 1; 5120; 128; 64; 4; 4; 0],0.09038878104183823,0.2023007067353899,tvm
60,60,1,2560,80,16,32,1,0,[60; 60; 1; 2560; 80; 16; 32; 1; 0],0.1344192000105977,0.1360349881882397,tvm
375,75,1,5120,160,16,4,1,0,[375; 75; 1; 5120; 160; 16; 4; 1; 0],0.08712076349183917,0.2098892795794559,tvm
1500,125,1,128,16,16,20,4,0,[1500; 125; 1; 128; 16; 16; 20; 4; 0],0.06405157048720866,0.28548424568865194,tvm
750,10,1,64,64,64,16,16,1,[750; 10; 1; 64; 64; 64; 16; 16; 1],0.05368212948087603,0.34062945085344415,tvm
100,20,1,640,64,64,20,10,1,[100; 20; 1; 640; 64; 64; 20; 10; 1],0.042294233047869056,0.43234533334647124,tvm
250,125,1,16,16,16,32,16,1,[250; 125; 1; 16; 16; 16; 32; 16; 1],0.07286061544436961,0.25096843025812426,tvm
1500,100,1,512,128,64,20,10,0,[1500; 100; 1; 512; 128; 64; 20; 10; 0],0.1198799661360681,0.15253352895478248,tvm
300,300,1,256,16,16,20,4,1,[300; 300; 1; 256; 16; 16; 20; 4; 1],0.06400012655649334,0.28571372073105766,tvm
250,125,1,1280,640,128,4,1,0,[250; 125; 1; 1280; 640; 128; 4; 1; 0],0.04202409950084984,0.4351244762625907,tvm
150,50,1,80,16,16,20,5,1,[150; 50; 1; 80; 16; 16; 20; 5; 1],0.05676844855770469,0.32211051649803324,tvm
100,25,1,80,16,16,10,1,0,[100; 25; 1; 80; 16; 16; 10; 1; 0],0.07325300900265574,0.24962407052864338,tvm
300,300,1,1024,128,16,20,20,1,[300; 300; 1; 1024; 128; 16; 20; 20; 1],0.09363953652791679,0.19527771028920846,tvm
150,150,1,640,16,16,16,4,1,[150; 150; 1; 640; 16; 16; 16; 4; 1],0.05140205239877105,0.3557389915845359,tvm
300,30,1,2560,512,128,5,1,1,[300; 30; 1; 2560; 512; 128; 5; 1; 1],0.06312813994009048,0.28966027358112717,tvm
750,75,1,64,64,64,2,1,1,[750; 75; 1; 64; 64; 64; 2; 1; 1],0.050012820516712964,0.36562053683022505,tvm
100,10,1,640,128,64,4,1,0,[100; 10; 1; 640; 128; 64; 4; 1; 0],0.05974838510155678,0.3060453308425543,tvm
750,250,1,512,128,128,20,20,0,[750; 250; 1; 512; 128; 128; 20; 20; 0],0.05341435095760971,0.34233710525147176,tvm
60,15,1,2560,512,64,5,1,1,[60; 15; 1; 2560; 512; 64; 5; 1; 1],0.05329349497333169,0.34311343804463457,tvm
100,25,1,5120,64,64,16,16,1,[100; 25; 1; 5120; 64; 64; 16; 16; 1],0.03845088300295174,0.47556032157468414,tvm
75,25,1,320,64,16,20,10,1,[75; 25; 1; 320; 64; 16; 20; 10; 1],0.05972107104025781,0.30618530390032583,tvm
30,15,1,5120,32,16,8,2,1,[30; 15; 1; 5120; 32; 16; 8; 2; 1],0.04891173978103325,0.37385123423487443,tvm
375,15,1,320,64,16,8,2,0,[375; 15; 1; 320; 64; 16; 8; 2; 0],0.05075917055364698,0.3602445447052421,tvm
300,300,1,5120,256,128,8,1,1,[300; 300; 1; 5120; 256; 128; 8; 1; 1],0.0567972770659253,0.3219470233491974,tvm
1500,50,1,512,32,16,10,5,0,[1500; 50; 1; 512; 32; 16; 10; 5; 0],0.07151218294166028,0.2557006867016183,tvm
1500,25,1,128,64,64,16,1,1,[1500; 25; 1; 128; 64; 64; 16; 1; 1],0.04126519674900919,0.44312679270463773,tvm
750,125,1,320,160,16,16,1,1,[750; 125; 1; 320; 160; 16; 16; 1; 1],0.0613562815124169,0.29802513833915667,tvm
125,125,1,2560,256,16,4,4,0,[125; 125; 1; 2560; 256; 16; 4; 4; 0],0.04444186051841825,0.41145249259166483,tvm
60,60,1,1280,1280,16,8,8,1,[60; 60; 1; 1280; 1280; 16; 8; 8; 1],0.06676492001861334,0.2738820668191683,tvm
75,15,1,2560,256,64,8,4,0,[75; 15; 1; 2560; 256; 64; 8; 4; 0],0.05902521393727511,0.3097949683866651,tvm
375,25,1,1024,256,128,4,4,1,[375; 25; 1; 1024; 256; 128; 4; 4; 1],0.047918467957060784,0.38160056164775374,tvm
60,12,1,2560,128,128,8,8,0,[60; 12; 1; 2560; 128; 128; 8; 8; 0],0.06362989346962422,0.28737615747295825,tvm
250,25,1,256,256,16,4,2,0,[250; 25; 1; 256; 256; 16; 4; 2; 0],0.05121455900371075,0.35704133046209374,tvm
1500,500,1,160,80,16,4,1,1,[1500; 500; 1; 160; 80; 16; 4; 1; 1],0.03786748176207766,0.4828869899668505,tvm
30,30,1,1024,128,64,32,4,1,[30; 30; 1; 1024; 128; 64; 32; 4; 1],0.07438668806571513,0.24581971265557906,tvm
300,60,1,128,16,16,8,1,1,[300; 60; 1; 128; 16; 16; 8; 1; 1],0.05143709003459662,0.35549667124278034,tvm
60,20,1,512,128,64,8,4,0,[60; 20; 1; 512; 128; 64; 8; 4; 0],0.0525018124608323,0.34828729578347223,tvm
300,10,1,320,64,16,10,2,1,[300; 10; 1; 320; 64; 16; 10; 2; 1],0.06191743107046932,0.2953241755928632,tvm
100,25,1,5120,64,16,4,4,1,[100; 25; 1; 5120; 64; 16; 4; 4; 1],0.038472310989163816,0.4752954479616438,tvm
10,10,1,1280,64,64,10,5,1,[10; 10; 1; 1280; 64; 64; 10; 5; 1],0.04447899875231087,0.41110894576430335,tvm
1500,150,1,640,64,64,20,5,1,[1500; 150; 1; 640; 64; 64; 20; 5; 1],0.0338536454946734,0.540140183384132,tvm
150,30,1,1280,256,16,4,2,1,[150; 30; 1; 1280; 256; 16; 4; 2; 1],0.03692886250792071,0.495160507090958,tvm
150,30,1,640,640,64,8,8,0,[150; 30; 1; 640; 640; 64; 8; 8; 0],0.04564265551744029,0.4006277478471257,tvm
150,75,1,5120,160,16,5,5,1,[150; 75; 1; 5120; 160; 16; 5; 5; 1],0.05568300699815154,0.32838949028599157,tvm
50,50,1,128,64,16,20,1,1,[50; 50; 1; 128; 64; 16; 20; 1; 1],0.05533056554850191,0.33048124674752,tvm
300,15,1,512,128,64,10,10,1,[300; 15; 1; 512; 128; 64; 10; 10; 1],0.05175535543821752,0.3533105730003669,tvm
60,20,1,1024,128,128,5,5,1,[60; 20; 1; 1024; 128; 128; 5; 5; 1],0.04150856949854642,0.4405286548445046,tvm
500,25,1,320,320,16,10,5,1,[500; 25; 1; 320; 320; 16; 10; 5; 1],0.049884429026860744,0.36656156324588124,tvm
75,25,1,512,256,128,10,10,0,[75; 25; 1; 512; 256; 128; 10; 10; 0],0.07164555753115565,0.25522467708849356,tvm
60,20,1,256,128,16,8,8,1,[60; 20; 1; 256; 128; 16; 8; 8; 1],0.040433554793708026,0.4522410749934798,tvm
300,75,1,32,32,16,8,1,1,[300; 75; 1; 32; 32; 16; 8; 1; 1],0.04130156972678378,0.44273654504361676,tvm
60,60,1,256,128,128,32,32,1,[60; 60; 1; 256; 128; 128; 32; 32; 1],0.029112779011484236,0.6280992370567251,tvm
300,100,1,1024,128,128,4,4,1,[300; 100; 1; 1024; 128; 128; 4; 4; 1],0.046414517739322037,0.39396540514354556,tvm
300,25,1,128,64,16,5,5,1,[300; 25; 1; 128; 64; 16; 5; 5; 1],0.037174069962929934,0.49189433128922505,tvm
25,25,1,256,128,64,4,1,1,[25; 25; 1; 256; 128; 64; 4; 1; 1],0.03334159619407728,0.5484354791916806,tvm
100,100,1,512,256,128,8,4,1,[100; 100; 1; 512; 256; 128; 8; 4; 1],0.036176332214381546,0.5054607022445736,tvm
75,1,1,128,128,16,4,2,1,[75; 1; 1; 128; 128; 16; 4; 2; 1],0.20069107599556446,0.09111373883968027,tvm
25,1,1,640,80,16,5,5,1,[25; 1; 1; 640; 80; 16; 5; 5; 1],0.20132698700763285,0.09082594716932324,tvm
100,1,1,640,64,64,10,10,1,[100; 1; 1; 640; 64; 64; 10; 10; 1],0.20220945798791945,0.0904295697524036,tvm
60,2,1,512,128,64,10,5,1,[60; 2; 1; 512; 128; 64; 10; 5; 1],0.13863502303138375,0.13189823095117043,tvm
150,25,1,2560,64,64,16,16,0,[150; 25; 1; 2560; 64; 64; 16; 16; 0],0.05397841997910291,0.3387597171757413,tvm
30,10,1,256,128,16,2,1,1,[30; 10; 1; 256; 128; 16; 2; 1; 1],0.05047708749771118,0.3622577131959808,tvm
10,10,1,256,256,64,20,2,1,[10; 10; 1; 256; 256; 64; 20; 2; 1],0.08358336810488254,0.21877216365304766,tvm
12,2,1,160,80,16,10,10,1,[12; 2; 1; 160; 80; 16; 10; 10; 1],0.10448471992276609,0.17500850171423035,tvm
20,20,1,640,128,16,20,4,1,[20; 20; 1; 640; 128; 16; 20; 4; 1],0.07790598995052278,0.23471512649190826,tvm
1500,50,1,160,80,16,16,8,0,[1500; 50; 1; 160; 80; 16; 16; 8; 0],0.05557901202701032,0.3290039462527291,tvm
60,6,1,320,80,16,10,5,1,[60; 6; 1; 320; 80; 16; 10; 5; 1],0.07625549647491425,0.23979536074136942,tvm
150,10,1,256,64,16,4,2,0,[150; 10; 1; 256; 64; 16; 4; 2; 0],0.08512705401517451,0.21480497002110197,tvm
75,15,1,256,16,16,4,1,1,[75; 15; 1; 256; 16; 16; 4; 1; 1],0.06427027005702257,0.2845127968108837,tvm
300,150,1,5120,128,128,8,4,0,[300; 150; 1; 5120; 128; 128; 8; 4; 0],0.0671955884899944,0.2721267079673999,tvm
750,125,1,128,32,16,16,4,0,[750; 125; 1; 128; 32; 16; 16; 4; 0],0.05610291997436434,0.3259315966810597,tvm
5,1,1,128,128,128,10,10,1,[5; 1; 1; 128; 128; 128; 10; 10; 1],0.20069621596485376,0.09111140535363413,tvm
300,10,1,2560,64,16,10,1,1,[300; 10; 1; 2560; 64; 16; 10; 1; 1],0.08805325045250356,0.2076665448662535,tvm
30,10,1,256,256,16,4,2,0,[30; 10; 1; 256; 256; 16; 4; 2; 0],0.05957035906612873,0.3069599474029595,tvm
300,30,1,1280,256,128,10,1,0,[300; 30; 1; 1280; 256; 128; 10; 1; 0],0.08478291647043079,0.21567687273522468,tvm
20,20,1,320,320,64,20,10,1,[20; 20; 1; 320; 320; 64; 20; 10; 1],0.07622571708634496,0.23988904249993578,tvm
750,30,1,64,64,64,32,16,0,[750; 30; 1; 64; 64; 64; 32; 16; 0],0.08472619648091495,0.21582125771258062,tvm
300,12,1,640,128,128,10,1,0,[300; 12; 1; 640; 128; 128; 10; 1; 0],0.059313054545782506,0.3082915628902559,tvm
12,12,1,64,64,64,8,1,0,[12; 12; 1; 64; 64; 64; 8; 1; 0],0.04839428374543786,0.37784863976704863,tvm
375,375,1,640,64,16,8,8,0,[375; 375; 1; 640; 64; 16; 8; 8; 0],0.06063111196272075,0.3015896244317162,tvm
10,10,1,128,64,64,10,5,0,[10; 10; 1; 128; 64; 64; 10; 5; 0],0.05352858093101531,0.34160655798590867,tvm
300,10,1,512,512,16,8,2,1,[300; 10; 1; 512; 512; 16; 8; 2; 1],0.05946852802298963,0.30748557083244615,tvm
300,100,1,640,32,16,10,5,0,[300; 100; 1; 640; 32; 16; 10; 5; 0],0.04451137321302667,0.41080993386119125,tvm
500,100,1,640,80,16,16,1,1,[500; 100; 1; 640; 80; 16; 16; 1; 1],0.047549848444759846,0.384558834229669,tvm
500,500,1,640,640,64,5,5,0,[500; 500; 1; 640; 640; 64; 5; 5; 0],0.07315069145988673,0.24997322541703562,tvm
300,12,1,640,320,16,4,2,1,[300; 12; 1; 640; 320; 16; 4; 2; 1],0.04780807520728558,0.38248170850701146,tvm
20,10,1,256,128,128,8,8,0,[20; 10; 1; 256; 128; 128; 8; 8; 0],0.059129784000106156,0.3092471010156482,tvm
125,125,1,1280,640,16,8,1,0,[125; 125; 1; 1280; 640; 16; 8; 1; 0],0.04419164976570755,0.4137821145546797,tvm
750,10,1,640,64,64,5,1,1,[750; 10; 1; 640; 64; 64; 5; 1; 1],0.04540491022635251,0.4027254804503822,tvm
300,100,1,160,32,16,8,8,0,[300; 100; 1; 160; 32; 16; 8; 8; 0],0.05926721903961152,0.3085299864245857,tvm
750,30,1,80,80,16,8,1,0,[750; 30; 1; 80; 80; 16; 8; 1; 0],0.05129715602379292,0.356466434069618,tvm
150,25,1,1280,128,128,8,8,0,[150; 25; 1; 1280; 128; 128; 8; 8; 0],0.04970560752553865,0.3678803096073038,tvm
500,50,1,256,64,64,20,10,0,[500; 50; 1; 256; 64; 64; 20; 10; 0],0.04694106022361666,0.3895462564885679,tvm
500,500,1,1280,128,128,4,4,1,[500; 500; 1; 1280; 128; 128; 4; 4; 1],0.04802909347927198,0.38072162019060163,tvm
125,125,1,640,320,16,10,2,0,[125; 125; 1; 640; 320; 16; 10; 2; 0],0.0482947607524693,0.37862728794612244,tvm
750,50,1,160,16,16,8,1,1,[750; 50; 1; 160; 16; 16; 8; 1; 1],0.05829433701001108,0.31367908485817453,tvm
750,750,1,640,64,64,32,8,1,[750; 750; 1; 640; 64; 64; 32; 8; 1],0.06666297791525722,0.27430089170272753,tvm
60,10,1,1280,320,16,8,8,1,[60; 10; 1; 1280; 320; 16; 8; 8; 1],0.060829709051176906,0.30060499336484175,tvm
100,10,1,640,320,64,8,8,1,[100; 10; 1; 640; 320; 64; 8; 8; 1],0.05586614704225212,0.32731296596997494,tvm
750,75,1,640,32,16,10,2,1,[750; 75; 1; 640; 32; 16; 10; 2; 1],0.03786062978906557,0.48297438229607415,tvm
750,150,1,16,16,16,8,8,1,[750; 150; 1; 16; 16; 16; 8; 8; 1],0.054660891997627914,0.3345301113364162,tvm
60,60,1,2560,512,128,10,5,1,[60; 60; 1; 2560; 512; 128; 10; 5; 1],0.05835505994036794,0.3133526776324136,tvm
300,25,1,512,32,16,10,10,1,[300; 25; 1; 512; 32; 16; 10; 10; 1],0.04662374348845333,0.39219747102123753,tvm
1500,60,1,128,32,16,10,5,1,[1500; 60; 1; 128; 32; 16; 10; 5; 1],0.038077181729022413,0.48022761810065695,tvm
1500,20,1,256,256,128,10,10,1,[1500; 20; 1; 256; 256; 128; 10; 10; 1],0.06314794148784131,0.2895694436727613,tvm
375,75,1,128,128,64,16,8,1,[375; 75; 1; 128; 128; 64; 16; 8; 1],0.04128518595825881,0.4429122422798815,tvm
60,20,1,128,32,16,5,5,1,[60; 20; 1; 128; 32; 16; 5; 5; 1],0.03941861377097666,0.4638852698360942,tvm
100,25,1,320,320,16,4,1,1,[100; 25; 1; 320; 320; 16; 4; 1; 1],0.04095958254765719,0.44643312134440183,tvm
250,50,1,1024,128,128,4,1,1,[250; 50; 1; 1024; 128; 128; 4; 1; 1],0.034614610543940216,0.5282657813671534,tvm
750,750,1,80,80,16,4,1,1,[750; 750; 1; 80; 80; 16; 4; 1; 1],0.04148625524248928,0.4407656024587747,tvm
1500,100,1,256,256,16,5,5,1,[1500; 100; 1; 256; 256; 16; 5; 5; 1],0.041820951213594526,0.4372381247935423,tvm
500,50,1,64,64,64,16,8,1,[500; 50; 1; 64; 64; 64; 16; 8; 1],0.03853675024583936,0.47450068231138703,tvm
300,50,1,512,128,128,5,5,1,[300; 50; 1; 512; 128; 128; 5; 5; 1],0.03558370901737362,0.5138788167581505,tvm
300,60,1,256,256,16,10,10,1,[300; 60; 1; 256; 256; 16; 10; 10; 1],0.05368789448402822,0.34059287408177574,tvm
60,20,1,512,256,128,5,1,1,[60; 20; 1; 512; 256; 128; 5; 1; 1],0.0425942754955031,0.42929980784964417,tvm
75,75,1,512,256,16,10,5,1,[75; 75; 1; 512; 256; 16; 10; 5; 1],0.0505749920848757,0.36155644384534813,tvm
20,20,1,256,64,16,4,1,1,[20; 20; 1; 256; 64; 16; 4; 1; 1],0.03704055823618546,0.4936673515857195,tvm
150,75,1,1024,128,128,8,8,1,[150; 75; 1; 1024; 128; 128; 8; 8; 1],0.03356749773956835,0.5447446344551218,tvm
150,30,1,128,64,16,4,1,1,[150; 30; 1; 128; 64; 16; 4; 1; 1],0.03531776025192812,0.5177484119966528,tvm
100,100,1,128,128,64,10,5,1,[100; 100; 1; 128; 128; 64; 10; 5; 1],0.03546437923796475,0.5156079051325777,tvm
500,25,1,1024,512,16,4,4,0,[500; 25; 1; 1024; 512; 16; 4; 4; 0],0.049695658206474036,0.36795396108330725,tvm
150,30,1,256,16,16,2,2,1,[150; 30; 1; 256; 16; 16; 2; 2; 1],0.06893376144580543,0.265265000809367,tvm
125,125,1,128,128,64,20,5,0,[125; 125; 1; 128; 128; 64; 20; 5; 0],0.07346642145421356,0.24889893809664437,tvm
300,10,1,512,256,64,16,8,1,[300; 10; 1; 512; 256; 64; 16; 8; 1],0.0925902584567666,0.1974906927628081,tvm
150,10,1,1280,640,128,10,5,0,[150; 10; 1; 1280; 640; 128; 10; 5; 0],0.08175795094575733,0.22365670952108407,tvm
300,25,1,1024,256,128,8,2,0,[300; 25; 1; 1024; 256; 128; 8; 2; 0],0.06784204544965178,0.26953365224350184,tvm
375,375,1,1024,256,64,8,1,0,[375; 375; 1; 1024; 256; 64; 8; 1; 0],0.0730479700723663,0.250324742324793,tvm
50,50,1,128,128,128,40,20,1,[50; 50; 1; 128; 128; 128; 40; 20; 1],0.063246356905438,0.2891188549097609,tvm
300,300,1,1280,640,64,10,5,0,[300; 300; 1; 1280; 640; 64; 10; 5; 0],0.06625499948859215,0.27598995437110735,tvm
15,15,1,64,16,16,16,16,1,[15; 15; 1; 64; 16; 16; 16; 16; 1],0.07975857402198017,0.2292633050419763,tvm
1500,10,1,256,32,16,16,2,1,[1500; 10; 1; 256; 32; 16; 16; 2; 1],0.08250018651597202,0.22164452055116476,tvm
60,20,1,128,64,64,20,2,0,[60; 20; 1; 128; 64; 64; 20; 2; 0],0.04945059650344774,0.369777425929319,tvm
750,150,1,128,16,16,20,1,1,[750; 150; 1; 128; 16; 16; 20; 1; 1],0.058650869061239064,0.31177226490236054,tvm
300,300,1,1280,64,64,20,10,0,[300; 300; 1; 1280; 64; 64; 20; 10; 0],0.058450166950933635,0.3128428067804211,tvm
1500,125,1,1024,16,16,10,2,1,[1500; 125; 1; 1024; 16; 16; 10; 2; 1],0.07565066358074546,0.24171254315829097,tvm
300,12,1,2560,640,128,5,1,1,[300; 12; 1; 2560; 640; 128; 5; 1; 1],0.0715399794280529,0.25560133553161085,tvm
100,20,1,2560,64,64,4,1,0,[100; 20; 1; 2560; 64; 64; 4; 1; 0],0.0955731215653941,0.19132695454759874,tvm
300,15,1,5120,256,128,8,1,1,[300; 15; 1; 5120; 256; 128; 8; 1; 1],0.07340017752721906,0.2491235702929108,tvm
150,25,1,1280,640,64,4,2,0,[150; 25; 1; 1280; 640; 64; 4; 2; 0],0.044082331529352814,0.41480823838771996,tvm
750,50,1,512,256,64,4,2,0,[750; 50; 1; 512; 256; 64; 4; 2; 0],0.0574032140430063,0.3185486142294174,tvm
1500,10,1,640,640,128,10,1,1,[1500; 10; 1; 640; 640; 128; 10; 1; 1],0.06932171154767275,0.26378047912361696,tvm
500,125,1,1280,640,16,5,5,1,[500; 125; 1; 1280; 640; 16; 5; 5; 1],0.05445786996278912,0.3357772586075962,tvm
375,125,1,320,320,64,16,2,1,[375; 125; 1; 320; 320; 64; 16; 2; 1],0.06712224497459829,0.2724240569223262,tvm
10,10,1,128,128,64,8,1,0,[10; 10; 1; 128; 128; 64; 8; 1; 0],0.06915673706680536,0.2644097315934715,tvm
75,15,1,256,128,16,8,8,0,[75; 15; 1; 256; 128; 16; 8; 8; 0],0.05407286749687046,0.3381680153502604,tvm
75,75,1,128,128,128,16,16,0,[75; 75; 1; 128; 128; 128; 16; 16; 0],0.04480425798101351,0.40812447543407904,tvm
750,25,1,128,128,64,32,16,1,[750; 25; 1; 128; 128; 64; 32; 16; 1],0.07515721500385553,0.24329951934456645,tvm
150,150,1,256,64,64,4,1,0,[150; 150; 1; 256; 64; 64; 4; 1; 0],0.08668359054718167,0.21094781803900264,tvm
750,125,1,256,128,128,16,4,0,[750; 125; 1; 256; 128; 128; 16; 4; 0],0.042832295468542725,0.42691417972552614,tvm
750,75,1,320,320,64,10,2,0,[750; 75; 1; 320; 320; 64; 10; 2; 0],0.05080401652958244,0.3599265478363661,tvm
20,10,1,1024,16,16,5,5,1,[20; 10; 1; 1024; 16; 16; 5; 5; 1],0.0633038415107876,0.2888563134450256,tvm
300,100,1,512,32,16,1,1,1,[300; 100; 1; 512; 32; 16; 1; 1; 1],0.0917326919734478,0.19933694185064493,tvm
750,125,1,80,80,16,20,10,1,[750; 125; 1; 80; 80; 16; 20; 10; 1],0.05377723800484091,0.3400270256361669,tvm
50,50,1,1280,256,64,16,4,1,[50; 50; 1; 1280; 256; 64; 16; 4; 1],0.06885002797935158,0.26558760863827463,tvm
50,10,1,5120,160,16,10,10,1,[50; 10; 1; 5120; 160; 16; 10; 10; 1],0.0660049794241786,0.2770353758949277,tvm
750,50,1,1280,256,128,4,1,1,[750; 50; 1; 1280; 256; 128; 4; 1; 1],0.03821473498828709,0.4784990473260878,tvm
300,50,1,128,16,16,5,1,1,[300; 50; 1; 128; 16; 16; 5; 1; 1],0.055305463494732976,0.3306312456355371,tvm
750,150,1,64,16,16,4,2,1,[750; 150; 1; 64; 16; 16; 4; 2; 1],0.06166461540851742,0.2965349603589448,tvm
75,15,1,320,320,64,10,5,1,[75; 15; 1; 320; 320; 64; 10; 5; 1],0.053517448948696256,0.34167761440280214,tvm
300,60,1,160,160,16,1,1,1,[300; 60; 1; 160; 160; 16; 1; 1; 1],0.13308874587528408,0.13739489515401715,tvm
250,250,1,256,128,64,8,1,0,[250; 250; 1; 256; 128; 64; 8; 1; 0],0.04773408523760736,0.3830745722829494,tvm
750,125,1,16,16,16,4,4,1,[750; 125; 1; 16; 16; 16; 4; 4; 1],0.06874453043565154,0.2659951878328803,tvm
1500,15,1,640,128,16,5,5,1,[1500; 15; 1; 640; 128; 16; 5; 5; 1],0.041376479261089116,0.4419349981502744,tvm
500,125,1,1280,32,16,8,1,1,[500; 125; 1; 1280; 32; 16; 8; 1; 1],0.05260218551848084,0.3476227100733282,tvm
30,15,1,1024,512,128,4,1,1,[30; 15; 1; 1024; 512; 128; 4; 1; 1],0.04807216674089432,0.38038048886527276,tvm
300,60,1,512,128,64,8,8,0,[300; 60; 1; 512; 128; 64; 8; 8; 0],0.05346325901336968,0.34202393612296506,tvm
30,15,1,1280,256,128,8,4,1,[30; 15; 1; 1280; 256; 128; 8; 4; 1],0.046484594233334064,0.3933714940895755,tvm
60,30,1,512,128,64,16,1,1,[60; 30; 1; 512; 128; 64; 16; 1; 1],0.04759059374919161,0.3842295891932404,tvm
750,150,1,1024,256,64,4,1,1,[750; 150; 1; 1024; 256; 64; 4; 1; 1],0.058558406424708664,0.3122645475201772,tvm
1500,60,1,1024,64,64,5,5,1,[1500; 60; 1; 1024; 64; 64; 5; 5; 1],0.051004767417907715,0.35850990429757734,tvm
500,25,1,512,512,16,4,1,1,[500; 25; 1; 512; 512; 16; 4; 1; 1],0.054979990934953094,0.3325885285675682,tvm
60,15,1,640,128,128,8,4,1,[60; 15; 1; 640; 128; 128; 8; 4; 1],0.043485807545948774,0.4204984411613582,tvm
30,30,1,128,128,64,16,2,1,[30; 30; 1; 128; 128; 64; 16; 2; 1],0.04638383648125455,0.39422599924661755,tvm
25,25,1,640,640,16,4,2,1,[25; 25; 1; 640; 640; 16; 4; 2; 1],0.046462605765555054,0.39355765748442717,tvm
250,25,1,320,320,64,4,1,1,[250; 25; 1; 320; 320; 64; 4; 1; 1],0.04078613547608256,0.4483316223091847,tvm
60,30,1,5120,128,128,5,1,1,[60; 30; 1; 5120; 128; 128; 5; 1; 1],0.04081254923949018,0.44804146338452805,tvm
100,50,1,256,128,64,16,2,1,[100; 50; 1; 256; 128; 64; 16; 2; 1],0.04172766476403922,0.4382156152067456,tvm
375,125,1,256,256,64,10,1,1,[375; 125; 1; 256; 256; 64; 10; 1; 1],0.04619565873872489,0.39583187652188934,tvm
60,60,1,2560,64,64,10,2,1,[60; 60; 1; 2560; 64; 64; 10; 2; 1],0.03450114303268492,0.5300031441970249,tvm
100,25,1,320,64,64,16,8,1,[100; 25; 1; 320; 64; 64; 16; 8; 1],0.03779632301302627,0.48379611634211694,tvm
500,50,1,320,64,16,10,1,1,[500; 50; 1; 320; 64; 16; 10; 1; 1],0.042644838511478156,0.42879079682275173,tvm
750,75,1,64,32,16,8,8,1,[750; 75; 1; 64; 32; 16; 8; 8; 1],0.037551049259491265,0.48695614759932326,tvm
50,50,1,64,32,16,10,2,1,[50; 50; 1; 64; 32; 16; 10; 2; 1],0.036752955289557576,0.49753044732459134,tvm
25,25,1,256,64,64,5,5,1,[25; 25; 1; 256; 64; 64; 5; 5; 1],0.03392208373406902,0.5390504436303059,tvm
250,50,1,1024,512,16,16,16,0,[250; 50; 1; 1024; 512; 16; 16; 16; 0],0.06803447741549462,0.26877129038621494,tvm
150,10,1,320,64,16,20,1,0,[150; 10; 1; 320; 64; 16; 20; 1; 0],0.07756517850793898,0.23574643464325554,tvm
25,25,1,1280,256,16,16,4,0,[25; 25; 1; 1280; 256; 16; 16; 4; 0],0.06887109752278775,0.2655063581593715,tvm
250,250,1,160,32,16,4,2,0,[250; 250; 1; 160; 32; 16; 4; 2; 0],0.10821343120187521,0.16897823202372883,tvm
75,75,1,5120,256,64,20,5,1,[75; 75; 1; 5120; 256; 64; 20; 5; 1],0.08194494398776442,0.22314633943058906,tvm
100,25,1,512,512,64,2,2,1,[100; 25; 1; 512; 512; 64; 2; 2; 1],0.06796449446119368,0.26904804384523234,tvm
30,30,1,320,320,64,16,2,0,[30; 30; 1; 320; 320; 64; 16; 2; 0],0.0775880835717544,0.23567683907031212,tvm
250,50,1,640,320,64,5,1,0,[250; 50; 1; 640; 320; 64; 5; 1; 0],0.05111075157765299,0.3577664918100969,tvm
500,125,1,1280,256,128,10,2,1,[500; 125; 1; 1280; 256; 128; 10; 2; 1],0.06340449105482548,0.28839777721585586,tvm
60,12,1,1280,160,16,2,2,1,[60; 12; 1; 1280; 160; 16; 2; 2; 1],0.04945830599172041,0.36971978556595564,tvm
60,20,1,2560,640,16,4,1,0,[60; 20; 1; 2560; 640; 16; 4; 1; 0],0.053896869998425245,0.33927228587204705,tvm
750,25,1,1024,256,16,10,5,1,[750; 25; 1; 1024; 256; 16; 10; 5; 1],0.08761394710745662,0.2087078015477062,tvm
1500,25,1,640,128,16,4,1,1,[1500; 25; 1; 640; 128; 16; 4; 1; 1],0.0352907995111309,0.5181439508035764,tvm
250,125,1,1280,128,16,5,1,1,[250; 125; 1; 1280; 128; 16; 5; 1; 1],0.03423797100549564,0.5340770422049599,tvm
75,75,1,5120,512,128,4,1,1,[75; 75; 1; 5120; 512; 128; 4; 1; 1],0.04402873874641955,0.4153131524168699,tvm
75,25,1,1280,64,64,20,10,1,[75; 25; 1; 1280; 64; 64; 20; 10; 1],0.03960924770217389,0.4616526530169546,tvm
125,25,1,2560,128,16,8,1,1,[125; 25; 1; 2560; 128; 16; 8; 1; 1],0.04316470673074946,0.4236265150549025,tvm
1500,375,1,640,160,16,4,1,0,[1500; 375; 1; 640; 160; 16; 4; 1; 0],0.07065777154639363,0.25879268317580545,tvm
375,75,1,16,16,16,20,1,1,[375; 75; 1; 16; 16; 16; 20; 1; 1],0.06020570592954755,0.3037206192235691,tvm
750,50,1,512,256,128,16,2,1,[750; 50; 1; 512; 256; 128; 16; 2; 1],0.0806841345038265,0.22663333254008042,tvm
500,125,1,640,64,64,20,4,1,[500; 125; 1; 640; 64; 64; 20; 4; 1],0.035623806761577725,0.5133004007150762,tvm
1500,375,1,640,320,16,8,4,1,[1500; 375; 1; 640; 320; 16; 8; 4; 1],0.045831296767573804,0.3989787672482279,tvm
750,750,1,128,128,128,2,1,1,[750; 750; 1; 128; 128; 128; 2; 1; 1],0.06902657693717629,0.2649083164352306,tvm
60,10,1,5120,512,64,8,2,1,[60; 10; 1; 5120; 512; 64; 8; 2; 1],0.06719176599290222,0.2721421890837918,tvm
250,125,1,128,16,16,4,4,1,[250; 125; 1; 128; 16; 16; 4; 4; 1],0.05451889894902706,0.33540138627543964,tvm
50,10,1,64,16,16,10,2,1,[50; 10; 1; 64; 16; 16; 10; 2; 1],0.06125365546904504,0.2985244577763216,tvm
1500,50,1,2560,128,16,8,1,1,[1500; 50; 1; 2560; 128; 16; 8; 1; 1],0.1338296460453421,0.13663425725208153,tvm
300,25,1,512,128,128,10,5,0,[300; 25; 1; 512; 128; 128; 10; 5; 0],0.05680864257737994,0.32188261250578254,tvm
60,60,1,2560,16,16,10,1,1,[60; 60; 1; 2560; 16; 16; 10; 1; 1],0.05435932346154004,0.3363859798338307,tvm
15,15,1,320,80,16,5,5,0,[15; 15; 1; 320; 80; 16; 5; 5; 0],0.06320977199357003,0.28928619276738393,tvm
750,30,1,64,32,16,10,10,0,[750; 30; 1; 64; 32; 16; 10; 10; 0],0.05070764000993222,0.3606106354413777,tvm
750,150,1,1024,32,16,10,2,1,[750; 150; 1; 1024; 32; 16; 10; 2; 1],0.055503833456896245,0.3294495739634777,tvm
500,20,1,320,32,16,16,8,1,[500; 20; 1; 320; 32; 16; 16; 8; 1],0.06063488801009953,0.3015708428894692,tvm
750,15,1,640,128,128,8,8,1,[750; 15; 1; 640; 128; 128; 8; 8; 1],0.040003311238251626,0.4571050175523789,tvm
1500,30,1,128,16,16,4,4,1,[1500; 30; 1; 128; 16; 16; 4; 4; 1],0.053728927043266594,0.34033276471330326,tvm
300,75,1,1024,64,16,20,1,1,[300; 75; 1; 1024; 64; 16; 20; 1; 1],0.07107067108154297,0.25728917438719784,tvm
300,75,1,640,640,64,16,16,0,[300; 75; 1; 640; 640; 64; 16; 16; 0],0.07405847741756588,0.2469091307753123,tvm
100,10,1,32,32,16,10,10,1,[100; 10; 1; 32; 32; 16; 10; 10; 1],0.06005445646587759,0.30448555131131805,tvm
1500,300,1,128,64,64,10,10,0,[1500; 300; 1; 128; 64; 64; 10; 10; 0],0.04757418722147122,0.3843620953646385,tvm
500,25,1,80,16,16,10,2,0,[500; 25; 1; 80; 16; 16; 10; 2; 0],0.07074767700396478,0.25846381195935997,tvm
300,15,1,1280,640,16,5,5,0,[300; 15; 1; 1280; 640; 16; 5; 5; 0],0.05986041494179517,0.3054725615165592,tvm
60,20,1,512,256,16,10,5,0,[60; 20; 1; 512; 256; 16; 10; 5; 0],0.05732612556312233,0.31897697788035084,tvm
500,10,1,320,64,64,20,10,0,[500; 10; 1; 320; 64; 64; 20; 10; 0],0.06063361605629325,0.30157716915213384,tvm
50,10,1,64,64,64,16,1,0,[50; 10; 1; 64; 64; 64; 16; 1; 0],0.05726031609810889,0.3193435791444784,tvm
375,25,1,128,64,64,8,4,0,[375; 25; 1; 128; 64; 64; 8; 4; 0],0.04103763704188168,0.4455839956636022,tvm
1500,50,1,1280,640,16,4,4,1,[1500; 50; 1; 1280; 640; 16; 4; 4; 1],0.08711978851351887,0.2098916285004157,tvm
300,150,1,160,80,16,20,4,1,[300; 150; 1; 160; 80; 16; 20; 4; 1],0.055407378007657826,0.3300230933719157,tvm
1500,250,1,64,64,64,20,20,1,[1500; 250; 1; 64; 64; 64; 20; 20; 1],0.035300421237479895,0.5180027219136863,tvm
75,15,1,640,320,16,8,8,1,[75; 15; 1; 640; 320; 16; 8; 8; 1],0.05167994403745979,0.35382612396909785,tvm
50,10,1,1280,160,16,10,1,0,[50; 10; 1; 1280; 160; 16; 10; 1; 0],0.06694121449254453,0.27316077881662615,tvm
150,150,1,1024,64,64,10,1,1,[150; 150; 1; 1024; 64; 64; 10; 1; 1],0.03753999824402854,0.4870994976304503,tvm
750,50,1,512,32,16,8,1,1,[750; 50; 1; 512; 32; 16; 8; 1; 1],0.04493164527229965,0.40696738734798626,tvm
375,75,1,1024,128,64,20,2,1,[375; 75; 1; 1024; 128; 64; 20; 2; 1],0.08637576596811414,0.2116995905132061,tvm
60,15,1,2560,256,16,8,8,1,[60; 15; 1; 2560; 256; 16; 8; 8; 1],0.05631301552057266,0.32471559401811867,tvm
375,25,1,1024,64,64,5,5,0,[375; 25; 1; 1024; 64; 64; 5; 5; 0],0.08686185895930976,0.2105148854145545,tvm
1500,12,1,128,128,128,4,1,1,[1500; 12; 1; 128; 128; 128; 4; 1; 1],0.05403603694867343,0.33839850807495603,tvm
150,30,1,2560,512,128,8,8,1,[150; 30; 1; 2560; 512; 128; 8; 8; 1],0.05113282857928425,0.3576120233082996,tvm
1500,20,1,160,80,16,8,8,0,[1500; 20; 1; 160; 80; 16; 8; 8; 0],0.054453033953905106,0.3358070792013771,tvm
250,50,1,640,64,64,20,1,0,[250; 50; 1; 640; 64; 64; 20; 1; 0],0.04308735625818372,0.4243870098723271,tvm
300,100,1,512,512,128,4,1,1,[300; 100; 1; 512; 512; 128; 4; 1; 1],0.04204279452096671,0.4349309910071562,tvm
10,10,1,1280,640,128,4,4,0,[10; 10; 1; 1280; 640; 128; 4; 4; 0],0.05497820908203721,0.3325993078171893,tvm
500,125,1,2560,256,16,8,4,0,[500; 125; 1; 2560; 256; 16; 8; 4; 0],0.0598689439939335,0.30542904327103504,tvm
25,25,1,5120,64,64,16,4,0,[25; 25; 1; 5120; 64; 64; 16; 4; 0],0.04699014499783516,0.389139345847022,tvm
375,125,1,128,128,128,10,5,1,[375; 125; 1; 128; 128; 128; 10; 5; 1],0.03126739349681884,0.5848173525425036,tvm
